1047949
10.000000
100.000000
0
167
1152.000000
576.000000
1
1088.000000
576.000000
1
1088.000000
512.000000
1
1088.000000
448.000000
1
1088.000000
384.000000
1
1024.000000
384.000000
1
960.000000
384.000000
1
896.000000
384.000000
1
832.000000
384.000000
1
768.000000
384.000000
1
768.000000
448.000000
1
768.000000
512.000000
1
768.000000
576.000000
1
768.000000
640.000000
1
832.000000
640.000000
1
896.000000
640.000000
1
960.000000
640.000000
1
1024.000000
640.000000
1
1088.000000
640.000000
1
1152.000000
640.000000
1
1152.000000
512.000000
1
1152.000000
448.000000
1
1152.000000
384.000000
1
704.000000
384.000000
1
704.000000
448.000000
1
704.000000
512.000000
1
704.000000
576.000000
1
704.000000
640.000000
1
704.000000
704.000000
1
768.000000
704.000000
1
832.000000
704.000000
1
896.000000
704.000000
1
960.000000
704.000000
1
1024.000000
704.000000
1
1088.000000
704.000000
1
1152.000000
704.000000
1
1152.000000
320.000000
1
1088.000000
320.000000
1
1024.000000
320.000000
1
960.000000
320.000000
1
896.000000
320.000000
1
832.000000
320.000000
1
768.000000
320.000000
1
704.000000
320.000000
1
1216.000000
576.000000
1
1216.000000
640.000000
1
1216.000000
704.000000
1
1216.000000
768.000000
1
1280.000000
768.000000
1
1280.000000
832.000000
1
1344.000000
832.000000
1
1408.000000
832.000000
1
1408.000000
768.000000
1
1408.000000
704.000000
1
1408.000000
640.000000
1
1408.000000
576.000000
1
1280.000000
576.000000
1
1280.000000
640.000000
1
1344.000000
640.000000
1
1344.000000
704.000000
1
1344.000000
768.000000
1
1216.000000
832.000000
1
1152.000000
832.000000
1
1088.000000
832.000000
1
1024.000000
832.000000
1
960.000000
832.000000
1
896.000000
832.000000
1
832.000000
832.000000
1
768.000000
832.000000
1
704.000000
832.000000
1
640.000000
832.000000
1
576.000000
832.000000
1
576.000000
896.000000
1
512.000000
896.000000
1
512.000000
960.000000
1
576.000000
960.000000
1
640.000000
960.000000
1
704.000000
960.000000
1
768.000000
960.000000
1
832.000000
960.000000
1
896.000000
960.000000
1
896.000000
896.000000
1
832.000000
896.000000
1
768.000000
896.000000
1
704.000000
896.000000
1
640.000000
896.000000
1
1600.000000
832.000000
1
1600.000000
768.000000
1
1664.000000
768.000000
1
1664.000000
704.000000
1
1664.000000
640.000000
1
1664.000000
576.000000
1
1664.000000
512.000000
1
1600.000000
448.000000
1
1600.000000
384.000000
1
1600.000000
320.000000
1
1600.000000
256.000000
1
1536.000000
256.000000
1
1536.000000
192.000000
1
1472.000000
192.000000
1
1408.000000
192.000000
1
1344.000000
192.000000
1
1280.000000
192.000000
1
1216.000000
192.000000
1
1152.000000
192.000000
1
1088.000000
192.000000
1
1024.000000
192.000000
1
960.000000
192.000000
1
896.000000
256.000000
1
832.000000
256.000000
1
960.000000
448.000000
1
1024.000000
512.000000
1
1344.000000
576.000000
1
1472.000000
576.000000
1
1536.000000
576.000000
1
1536.000000
512.000000
1
1600.000000
512.000000
1
1664.000000
448.000000
1
1664.000000
384.000000
1
1536.000000
320.000000
1
1472.000000
320.000000
1
1408.000000
320.000000
1
1344.000000
320.000000
1
1280.000000
320.000000
1
1216.000000
320.000000
1
1216.000000
448.000000
1
1216.000000
512.000000
1
1280.000000
512.000000
1
1344.000000
512.000000
1
1408.000000
512.000000
1
1472.000000
512.000000
1
1536.000000
448.000000
1
1472.000000
448.000000
1
1408.000000
448.000000
1
1344.000000
448.000000
1
1280.000000
448.000000
1
1728.000000
448.000000
1
1728.000000
384.000000
1
1792.000000
384.000000
1
1664.000000
320.000000
1
1280.000000
256.000000
1
1344.000000
256.000000
1
1408.000000
256.000000
1
1536.000000
128.000000
1
1600.000000
128.000000
1
1600.000000
64.000000
1
1664.000000
64.000000
1
1664.000000
0.000000
1
1728.000000
0.000000
1
1792.000000
0.000000
1
1856.000000
0.000000
1
1920.000000
64.000000
1
1408.000000
896.000000
1
1152.000000
960.000000
1
1088.000000
960.000000
1
1088.000000
896.000000
1
1152.000000
896.000000
1
1216.000000
896.000000
1
1344.000000
960.000000
1
1472.000000
960.000000
1
1792.000000
832.000000
1
1792.000000
768.000000
1
1792.000000
704.000000
1
1792.000000
640.000000
1
1792.000000
576.000000
1
1792.000000
448.000000
1
1728.000000
128.000000
1
